1000 0 1 97.234444 24.255
1000 0 2 98.130278 25.883056
1000 0 3 97.85 25.866667
1000 0 4 97.589444 27.283889
1000 0 5 97.293056 24.119722
1000 0 6 96.940278 25.302778
1000 0 7 96.373333 24.779167
1000 0 8 97.345833 24.256111
1000 0 9 96.806111 24.206944
1000 0 10 97.567778 26.543611
1000 0 11 96.716667 26.358056
1000 0 12 98.270833 26.153056
1000 0 13 97.442778 25.351111
1000 0 14 97.21 19.674167
1000 0 15 97.337222 19.174167
1000 0 16 97.158889 19.538333
1000 0 17 97.315833 18.870556
1000 0 18 97.122778 19.413333
1000 0 19 97.664444 18.670556
1000 0 20 97.520833 19.631667
1000 0 21 97.445 18.065
1000 0 22 97.818611 17.125833
1000 0 23 98.24 16.555556
1000 0 24 98.516667 16.683333
1000 0 25 93.680278 22.911111
1000 0 26 94.056667 21.193333
1000 0 27 93.973611 21.371667
1000 0 28 92.854722 21.304444
1000 0 29 93.69175 23.603064
1000 0 30 97.239444 17.22
1000 0 31 97.550556 16.351111
1000 0 32 97.724167 16.370556
1000 0 33 97.02 17.311667
1000 0 34 97.724722 16.258056
1000 0 35 97.456667 16.616667
1000 0 36 97.733333 15.966667
1000 0 37 97.367778 16.919722
1000 0 38 97.854167 15.251944
1000 0 39 94.047778 19.795278
1000 0 40 92.525 20.875
1000 0 41 94.58 17.593611
1000 0 42 93.554444 19.423889
1000 0 43 92.972778 20.843889
1000 0 44 92.367778 20.818889
1000 0 45 93.272778 20.364444
1000 0 46 93.188333 20.591944
1000 0 47 93.721389 18.855
1000 0 48 93.373889 20.046667
1000 0 49 93.068056 20.181111
1000 0 50 93.004167 20.331944
1000 0 51 93.858889 19.087778
1000 0 52 92.754167 20.488333
1000 0 53 94.360833 18.461111
1000 0 54 94.239722 18.853611
1000 0 55 97.170278 20.7975
1000 0 56 97.250556 20.157778
1000 0 57 98.423889 21.301111
1000 0 58 97.819444 21.925278
1000 0 59 97.665 21.270278
1000 0 60 98.003611 20.342222
1000 0 61 96.865278 21.246667
1000 0 62 97.565833 20.925278
1000 0 63 97.723611 20.230556
1000 0 64 98.360556 21.905
1000 0 65 97.871111 20.513611
1000 0 66 98.354167 20.318889
1000 0 67 97.720278 20.889167
1000 0 68 96.931944 20.659444
1000 0 69 97.008333 19.863611
1000 0 70 96.662778 20.941667
1000 0 71 96.782222 20.124444
1000 0 72 96.442222 21.162778
1000 0 73 98.750278 23.425556
1000 0 74 97.973611 23.307222
1000 0 75 97.298056 22.618889
1000 0 76 98.539444 23.829444
1000 0 77 98.644444 23.407222
1000 0 78 97.943333 23.459167
1000 0 79 98.764167 23.691667
1000 0 80 96.629167 23.473056
1000 0 81 97.120278 23.252222
1000 0 82 98.9675 22.967222
1000 0 83 96.67 23.114167
1000 0 84 98.039444 22.423611
1000 0 85 97.901667 23.99
1000 0 86 97.161389 22.964167
1000 0 87 97.400556 23.093611
1000 0 88 96.798889 22.33
1000 0 89 99.150833 22.180278
1000 0 90 99.315833 23.035
1000 0 91 98.396667 22.498056
1000 0 92 98.865833 21.961944
1000 0 93 99.31 22.008333
1000 0 94 99.247222 20.505556
1000 0 95 99.463889 21.75
1000 0 96 100.018611 21.672778
1000 0 97 99.026111 21.350278
1000 0 98 98.9 20.303611
1000 0 99 99.687222 21.842222
1000 0 100 100.359444 21.181667
1000 0 101 99.884167 20.453056
1000 0 102 95.982778 17.0175
1000 0 103 95.982778 17.0175
1000 0 104 96.061944 16.546111
1000 0 105 96.560556 16.905556
1000 0 106 96.011944 16.439444
1000 0 107 95.963333 17.3125
1000 0 108 96.251944 16.763889
1000 0 109 96.523056 16.758611
1000 0 110 95.930556 16.707222
1000 0 111 96.095833 21.939444
1000 0 112 95.132222 20.8425
1000 0 113 96.11 19.634722
1000 0 114 96.091111 21.958889
1000 0 115 95.646944 21.098611
1000 0 116 95.863056 20.881944
1000 0 117 96.505278 22.921389
1000 0 118 95.391667 21.4575
1000 0 119 96.130833 21.424167
1000 0 120 95.654444 21.423611
1000 0 121 95.685 21.896944
1000 0 122 94.91 21.195556
1000 0 123 96.154167 22.0125
1000 0 124 96.130278 21.613333
1000 0 125 96.104167 21.901944
1000 0 126 95.973611 21.818889
1000 0 127 96.208889 19.736111
1000 0 128 96.456389 22.013889
1000 0 129 95.998889 22.549722
1000 0 130 96.103611 21.731111
1000 0 131 96.203056 20.130278
1000 0 132 95.445278 21.276111
1000 0 133 95.975278 22.885833
1000 0 134 96.058333 20.850278
1000 0 135 96.03 21.096944
1000 0 136 95.447222 22.285278
1000 0 137 95.857778 24.399722
1000 0 138 95.144722 22.387778
1000 0 139 95.273611 21.956944
1000 0 140 95.695556 25.9925
1000 0 141 94.910833 24.864444
1000 0 142 96.141667 24.2225
1000 0 143 94.064722 23.186389
1000 0 144 94.2975 23.202222
1000 0 145 95.518889 23.203056
1000 0 146 94.848333 22.432778
1000 0 147 96.331667 24.181667
1000 0 148 95.683333 23.790278
1000 0 149 95.621389 22.770278
1000 0 150 95.532222 23.319722
1000 0 151 95.441111 26.325833
1000 0 152 94.411944 23.635
1000 0 153 94.490833 22.879444
1000 0 154 95.421389 21.833333
1000 0 155 95.575833 21.925278
1000 0 156 96.166944 26.979722
1000 0 157 94.875 21.934167
1000 0 158 94.821111 24.262222
1000 0 159 95.370556 24.076944
1000 0 160 95.962222 21.88
1000 0 161 95.088056 21.973889
1000 0 162 95.698611 22.57
1000 0 163 95.321111 22.685278
1000 0 164 94.315278 24.211389
1000 0 165 95.405 22.945556
1000 0 166 96.151111 23.758889
1000 0 167 95.788056 22.367222
1000 0 168 95.688889 23.898333
1000 0 169 95.430556 22.769167
1000 0 170 94.900278 22.077778
1000 0 171 96.669722 17.789722
1000 0 172 96.466389 17.089722
1000 0 173 96.769444 18.327222
1000 0 174 96.613889 18.158611
1000 0 175 96.721389 17.953333
1000 0 176 96.413611 18.833056
1000 0 177 96.435833 18.484444
1000 0 178 96.877778 17.923056
1000 0 179 96.433056 18.939444
1000 0 180 96.576667 17.289167
1000 0 181 96.682222 17.483611
1000 0 182 96.342222 19.156944
1000 0 183 95.6525 18.23
1000 0 184 95.745278 17.778889
1000 0 185 95.709167 17.973889
1000 0 186 95.709167 17.973889
1000 0 187 95.036667 19.965556
1000 0 188 95.036667 19.965556
1000 0 189 95.511944 18.027222
1000 0 190 95.547222 18.4275
1000 0 191 95.671667 18.130278
1000 0 192 95.153611 18.718056
1000 0 193 95.507222 18.489444
1000 0 194 95.214167 18.705
1000 0 195 95.786389 17.654444
1000 0 196 95.417222 18.646944
1000 0 197 95.623056 18.338333
1000 0 198 95.216944 19.358611
1000 0 199 94.821111 20.902778
1000 0 200 94.135833 22.174167
1000 0 201 95.095833 19.028889
1000 0 202 94.875278 20.171667
1000 0 203 94.731944 19.346389
1000 0 204 94.854444 21.6125
1000 0 205 95.446944 20.199167
1000 0 206 95.399722 20.353333
1000 0 207 94.467778 20.075278
1000 0 208 95.082222 21.335
1000 0 209 94.473611 21.452222
1000 0 210 94.669444 20.363333
1000 0 211 94.659444 20.577222
1000 0 212 94.155556 21.149722
1000 0 213 94.7925 20.906389
1000 0 214 94.245556 20.446667
1000 0 215 95.546111 20.001944
1000 0 216 95.177222 19.321389
1000 0 217 94.092778 21.696389
1000 0 218 94.873056 20.458333
1000 0 219 95.241667 21.633333
1000 0 220 95.595833 17.254722
1000 0 221 95.885 16.408056
1000 0 222 95.180556 16.896111
1000 0 223 95.458056 17.649444
1000 0 224 95.269167 17.809722
1000 0 225 94.894722 16.932778
1000 0 226 95.726111 16.444444
1000 0 227 95.239167 18.340278
1000 0 228 95.190278 17.107778
1000 0 229 95.2 17.3
1000 0 230 95.174444 17.600278
1000 0 231 95.649444 16.730278
1000 0 232 95.263056 16.378889
1000 0 233 95.317778 18.286944
1000 0 234 94.929722 16.599167
1000 0 235 95.633611 17.048889
1000 0 236 95.465833 16.982222
1000 0 237 95.683333 16.284167
1000 0 238 94.805833 17.047222
1000 0 239 95.180278 16.603889
1000 0 240 95.120556 17.344444
1000 0 241 95.556667 17.478056
1000 0 242 98.761111 11.2625
1000 0 243 98.563889 10.011944
1000 0 244 98.513333 11.787778
1000 0 245 98.119722 13.975278
1000 0 246 98.609722 12.441111
1000 0 247 98.648333 12.969167
1000 0 248 99.016389 12.084167
1000 0 249 98.259722 13.867222
1000 0 250 98.038333 14.855556

