38751 1 1 97.234444 24.255
2301 1 2 98.130278 25.883056
7281 1 3 97.85 25.866667
1551 1 4 97.589444 27.283889
8054 1 5 97.293056 24.119722
35438 1 6 96.940278 25.302778
28803 1 7 96.373333 24.779167
34000 1 8 97.345833 24.256111
43904 1 9 96.806111 24.206944
909 1 10 97.567778 26.543611
2165 1 11 96.716667 26.358056
1530 1 12 98.270833 26.153056
20933 1 13 97.442778 25.351111
77286 1 14 97.21 19.674167
4904 1 15 97.337222 19.174167
5578 1 16 97.158889 19.538333
2933 1 17 97.315833 18.870556
3269 1 18 97.122778 19.413333
934 1 19 97.664444 18.670556
1478 1 20 97.520833 19.631667
34200 1 21 97.445 18.065
28735 1 22 97.818611 17.125833
111899 1 23 98.24 16.555556
71906 1 24 98.516667 16.683333
7634 1 25 93.680278 22.911111
3473 1 26 94.056667 21.193333
8996 1 27 93.973611 21.371667
6436 1 28 92.854722 21.304444
9474 1 29 93.69175 23.603064
15497 1 30 97.239444 17.22
35245 1 31 97.550556 16.351111
11985 1 32 97.724167 16.370556
27646 1 33 97.02 17.311667
62696 1 34 97.724722 16.258056
30511 1 35 97.456667 16.616667
47068 1 36 97.733333 15.966667
68730 1 37 97.367778 16.919722
97692 1 38 97.854167 15.251944
7225 1 39 94.047778 19.795278
28790 1 40 92.525 20.875
37387 1 41 94.58 17.593611
36646 1 42 93.554444 19.423889
82900 1 43 92.972778 20.843889
56682 1 44 92.367778 20.818889
102612 1 45 93.272778 20.364444
51949 1 46 93.188333 20.591944
49804 1 47 93.721389 18.855
14826 1 48 93.373889 20.046667
18576 1 49 93.068056 20.181111
10824 1 50 93.004167 20.331944
63716 1 51 93.858889 19.087778
29272 1 52 92.754167 20.488333
56941 1 53 94.360833 18.461111
29112 1 54 94.239722 18.853611
16764 1 55 97.170278 20.7975
10168 1 56 97.250556 20.157778
9377 1 57 98.423889 21.301111
3375 1 58 97.819444 21.925278
17985 1 59 97.665 21.270278
7213 1 60 98.003611 20.342222
24113 1 61 96.865278 21.246667
24684 1 62 97.565833 20.925278
5466 1 63 97.723611 20.230556
13877 1 64 98.360556 21.905
35692 1 65 97.871111 20.513611
10327 1 66 98.354167 20.318889
26715 1 67 97.720278 20.889167
15243 1 68 96.931944 20.659444
12642 1 69 97.008333 19.863611
10015 1 70 96.662778 20.941667
66948 1 71 96.782222 20.124444
4073 1 72 96.442222 21.162778
36730 1 73 98.750278 23.425556
48730 1 74 97.973611 23.307222
1561240 1 75 97.298056 22.618889
742 1 76 98.539444 23.829444
5342 1 77 98.644444 23.407222
173070 1 78 97.943333 23.459167
11053 1 79 98.764167 23.691667
2827 1 80 96.629167 23.473056
35504 1 81 97.120278 23.252222
96276 1 82 98.9675 22.967222
12398 1 83 96.67 23.114167
50050 1 84 98.039444 22.423611
135720 1 85 97.901667 23.99
83740 1 86 97.161389 22.964167
59650 1 87 97.400556 23.093611
7266 1 88 96.798889 22.33
11115 1 89 99.150833 22.180278
41579 1 90 99.315833 23.035
30256 1 91 98.396667 22.498056
218 1 92 98.865833 21.961944
5734 1 93 99.31 22.008333
4449 1 94 99.247222 20.505556
32908 1 95 99.463889 21.75
7513 1 96 100.018611 21.672778
14123 1 97 99.026111 21.350278
3280 1 98 98.9 20.303611
9296 1 99 99.687222 21.842222
25825 1 100 100.359444 21.181667
50180 1 101 99.884167 20.453056
9090 1 102 95.982778 17.0175
9090 1 103 95.982778 17.0175
32725 1 104 96.061944 16.546111
37401 1 105 96.560556 16.905556
14838 1 106 96.011944 16.439444
63751 1 107 95.963333 17.3125
65510 1 108 96.251944 16.763889
39651 1 109 96.523056 16.758611
39651 1 110 95.930556 16.707222
39930 1 111 96.095833 21.939444
35181 1 112 95.132222 20.8425
21662 1 113 96.11 19.634722
12014 1 114 96.091111 21.958889
187728 1 115 95.646944 21.098611
75372 1 116 95.863056 20.881944
91370 1 117 96.505278 22.921389
17889 1 118 95.391667 21.4575
13037 1 119 96.130833 21.424167
6731 1 120 95.654444 21.423611
46951 1 121 95.685 21.896944
13489 1 122 94.91 21.195556
30316 1 123 96.154167 22.0125
267073 1 124 96.130278 21.613333
151544 1 125 96.104167 21.901944
20789 1 126 95.973611 21.818889
127295 1 127 96.208889 19.736111
6333 1 128 96.456389 22.013889
7417 1 129 95.998889 22.549722
10251 1 130 96.103611 21.731111
16547 1 131 96.203056 20.130278
12304 1 132 95.445278 21.276111
18559 1 133 95.975278 22.885833
25672 1 134 96.058333 20.850278
17377 1 135 96.03 21.096944
8606 1 136 95.447222 22.285278
19908 1 137 95.857778 24.399722
5177 1 138 95.144722 22.387778
19738 1 139 95.273611 21.956944
7896 1 140 95.695556 25.9925
15443 1 141 94.910833 24.864444
60485 1 142 96.141667 24.2225
101340 1 143 94.064722 23.186389
8558 1 144 94.2975 23.202222
61699 1 145 95.518889 23.203056
152354 1 146 94.848333 22.432778
12864 1 147 96.331667 24.181667
20146 1 148 95.683333 23.790278
6059 1 149 95.621389 22.770278
11310 1 150 95.532222 23.319722
41273 1 151 95.441111 26.325833
12254 1 152 94.411944 23.635
3392 1 153 94.490833 22.879444
9799 1 154 95.421389 21.833333
13906 1 155 95.575833 21.925278
4509 1 156 96.166944 26.979722
4038 1 157 94.875 21.934167
11895 1 158 94.821111 24.262222
6161 1 159 95.370556 24.076944
62544 1 160 95.962222 21.88
5773 1 161 95.088056 21.973889
36427 1 162 95.698611 22.57
3985 1 163 95.321111 22.685278
100779 1 164 94.315278 24.211389
60322 1 165 95.405 22.945556
15278 1 166 96.151111 23.758889
56541 1 167 95.788056 22.367222
11380 1 168 95.688889 23.898333
18526 1 169 95.430556 22.769167
6349 1 170 94.900278 22.077778
101760 1 171 96.669722 17.789722
9478 1 172 96.466389 17.089722
11609 1 173 96.769444 18.327222
38912 1 174 96.613889 18.158611
204827 1 175 96.721389 17.953333
19595 1 176 96.413611 18.833056
25321 1 177 96.435833 18.484444
26261 1 178 96.877778 17.923056
121154 1 179 96.433056 18.939444
26318 1 180 96.576667 17.289167
60560 1 181 96.682222 17.483611
150309 1 182 96.342222 19.156944
38785 1 183 95.6525 18.23
24995 1 184 95.745278 17.778889
40497 1 185 95.709167 17.973889
40497 1 186 95.709167 17.973889
10908 1 187 95.036667 19.965556
10908 1 188 95.036667 19.965556
85872 1 189 95.511944 18.027222
17660 1 190 95.547222 18.4275
17621 1 191 95.671667 18.130278
53506 1 192 95.153611 18.718056
44393 1 193 95.507222 18.489444
46763 1 194 95.214167 18.705
59125 1 195 95.786389 17.654444
85872 1 196 95.417222 18.646944
23768 1 197 95.623056 18.338333
66018 1 198 95.216944 19.358611
44911 1 199 94.821111 20.902778
12401 1 200 94.135833 22.174167
21841 1 201 95.095833 19.028889
67998 1 202 94.875278 20.171667
17825 1 203 94.731944 19.346389
10088 1 204 94.854444 21.6125
14013 1 205 95.446944 20.199167
19003 1 206 95.399722 20.353333
3910 1 207 94.467778 20.075278
159000 1 208 95.082222 21.335
9359 1 209 94.473611 21.452222
6310 1 210 94.669444 20.363333
18746 1 211 94.659444 20.577222
6986 1 212 94.155556 21.149722
12179 1 213 94.7925 20.906389
4697 1 214 94.245556 20.446667
45368 1 215 95.546111 20.001944
30813 1 216 95.177222 19.321389
37000 1 217 94.092778 21.696389
51408 1 218 94.873056 20.458333
52888 1 219 95.241667 21.633333
22785 1 220 95.595833 17.254722
24386 1 221 95.885 16.408056
13125 1 222 95.180556 16.896111
74943 1 223 95.458056 17.649444
6454 1 224 95.269167 17.809722
10233 1 225 94.894722 16.932778
27235 1 226 95.726111 16.444444
20036 1 227 95.239167 18.340278
15289 1 228 95.190278 17.107778
23749 1 229 95.2 17.3
2910 1 230 95.174444 17.600278
41778 1 231 95.649444 16.730278
32366 1 232 95.263056 16.378889
22268 1 233 95.317778 18.286944
52279 1 234 94.929722 16.599167
51710 1 235 95.633611 17.048889
21813 1 236 95.465833 16.982222
59095 1 237 95.683333 16.284167
7045 1 238 94.805833 17.047222
67414 1 239 95.180278 16.603889
10632 1 240 95.120556 17.344444
22570 1 241 95.556667 17.478056
18532 1 242 98.761111 11.2625
72857 1 243 98.563889 10.011944
5104 1 244 98.513333 11.787778
5212 1 245 98.119722 13.975278
122754 1 246 98.609722 12.441111
31611 1 247 98.648333 12.969167
7759 1 248 99.016389 12.084167
11239 1 249 98.259722 13.867222
7178 1 250 98.038333 14.855556

